Act?=OpticalFlowServer
Camera=INNNO
INNNO.CameraType=Pinhole
INNNO.Paraments=[640 480 519.30775 519.72795 274.04626 229.39801]

InternetTransfer.NodeName=Master
Master.ip=192.168.100.1
Master.port=30000

Client.ip=192.168.100.203
Client.port=30001
OpticalFlowType=2
